$ 1 0.000005 15.472767971186109 24 5 50
160 16 16 16 112 1 20 10000000000
160 -112 16 -112 112 1 20 10000000000
160 -224 16 -224 112 1 20 10000000000
160 144 16 144 112 1 20 10000000000
164 -752 336 -704 336 0 6 5 0 0 0 0 5 false 0
R -816 336 -816 400 1 2 200 2.5 2.5 0 0.5
160 -448 16 -448 112 1 20 10000000000
160 -336 16 -336 112 1 20 10000000000
w -816 336 -752 336 0
w -576 -48 -448 -48 0
w -448 -48 -448 16 0
r -432 112 -432 192 0 1000
w -464 112 -464 192 0
w -464 192 -432 192 0
w -432 192 -384 192 0
w -384 192 -384 -16 0
w -384 -16 -336 -16 0
w -336 -16 -336 16 0
r -320 112 -320 192 0 2000
w -352 112 -352 192 0
w -352 192 -320 192 0
w -320 192 -272 192 0
w -272 192 -272 -16 0
w -272 -16 -224 -16 0
w -224 -16 -224 16 0
r -208 112 -208 192 0 4000
r -96 112 -96 192 0 8000
r 32 112 32 192 0 16000
r 160 112 160 192 0 32000
w -240 112 -240 192 0
w -240 192 -208 192 0
w -208 192 -160 192 0
w -160 192 -160 16 0
w -160 16 -112 16 0
w -96 192 -48 192 0
w -48 192 -48 16 0
w -48 16 16 16 0
w 32 192 80 192 0
w 80 192 80 16 0
w 80 16 144 16 0
w 160 192 160 240 0
w 160 240 -576 224 0
w 128 112 128 208 0
w 128 208 160 240 0
216 -576 -48 -576 224 0 0.01
w -656 336 256 336 0
w 256 336 256 64 0
w 256 64 160 64 0
w -656 368 64 368 0
w 64 368 64 64 0
w 64 64 32 64 0
w -656 400 -64 400 0

w -64 400 -64 64 0
w -64 64 -96 64 0
w -656 432 -176 432 0
w -176 432 -176 64 0
w -176 64 -208 64 0
w -656 464 -288 464 0
w -288 464 -288 64 0
w -288 64 -320 64 0
w -656 496 -400 496 0
w -400 496 -400 64 0
w -400 64 -432 64 0
w -128 112 -128 192 0
w -128 192 -96 192 0
w 0 112 0 192 0
w 0 192 32 192 0
o 44 64 2 12288 0.0001 0.0001 0 1 63119.8632481305
