$ 1 0.000005 9.78399845368213 24 5 50
160 160 144 160 240 1 20 10000000000
160 240 144 240 240 1 20 10000000000
160 320 144 320 240 1 20 10000000000
w 176 192 192 192 0
w 176 240 176 256 0
w 176 256 256 256 0
w 256 256 256 240 0
w 256 256 336 256 0
w 336 256 336 240 0
w 256 192 272 192 0
w 336 192 352 192 0
r 160 144 160 80 0 100000
r 240 144 240 80 0 140000
r 320 144 320 80 0 200000
r 160 80 240 80 0 5000
r 240 80 320 80 0 5000
r 320 80 400 80 0 5000
w 336 256 416 256 0
r 160 80 80 80 0 5000
r 80 80 80 144 0 75000
160 80 144 80 240 1 20 10000000000
w 96 192 112 192 0
w 96 240 96 256 0
w 96 256 176 256 0
w 80 80 -80 80 0
w 96 256 -80 256 0
216 -80 256 -80 80 0 0.01
164 -80 288 -32 288 0 6 5 0 0 0 0 0 false 0
w 16 288 96 288 0
w 96 288 112 288 0
w 112 288 112 192 0
R -176 256 -176 320 1 2 200 2.5 2.5 0 0.5
w -176 256 -80 288 0
w 16 384 352 384 0
w 352 384 352 192 0
w 16 352 272 352 0
w 272 352 272 192 0
w 16 320 192 320 0
w 192 320 192 192 0
160 432 128 432 224 1 20 10000000000
w 16 416 464 416 0
w 464 416 464 176 0
w 464 176 448 176 0
r 432 128 432 80 0 300000
w 432 80 400 80 0
w 416 256 512 256 0
r 432 80 512 80 0 5000
w 448 224 416 256 0
160 560 128 560 224 1 20 10000000000
w 512 256 576 256 0
w 576 256 576 224 0
r 560 128 560 80 0 400000
w 560 80 512 80 0
r 560 80 640 80 0 5000
w 576 256 640 256 0
r 640 256 640 80 0 10000
w 16 448 592 448 0
w 592 448 592 176 0
w 592 176 576 176 0
o 26 64 2 12288 0.0001 0.0001 0 1 39999.50251399616
