$ 1 0.000005 3.5993318835628396 13 5 50
160 16 16 16 112 0 20 10000000000
160 -112 16 -112 112 0 20 10000000000
160 -224 16 -224 112 0 20 10000000000
160 144 16 144 112 0 20 10000000000
164 -752 336 -704 336 0 7 0 0 0 5 5 0 0 false 0
R -816 336 -816 400 1 2 800 2.5 2.5 0 0.5
160 -448 16 -448 112 0 20 10000000000
160 -336 16 -336 112 0 20 10000000000
w -816 336 -752 336 0
w -576 -48 -448 -48 0
w -448 -48 -448 16 0
r -432 112 -432 192 0 390
w -464 112 -464 192 0
w -464 192 -432 192 0
w -432 192 -384 192 0
r -320 112 -320 192 0 782
w -352 112 -352 192 0
w -352 192 -320 192 0
w -320 192 -272 192 0
r -208 112 -208 192 0 1563
r -96 112 -96 192 0 3125
r 32 112 32 192 0 6250
r 160 112 160 192 0 12500
w -240 112 -240 192 0
w -240 192 -208 192 0
w -208 192 -160 192 0
w -160 192 -160 16 0
w -160 16 -112 16 0
w -96 192 -48 192 0
w -48 192 -48 16 0
w -48 16 16 16 0
w 32 192 80 192 0
w 80 192 80 16 0
w 80 16 144 16 0
w 128 112 128 208 0
216 -576 -48 -576 224 0 0.01
w 64 64 32 64 0
w -64 64 -96 64 0
w -176 64 -208 64 0
w -288 64 -320 64 0
w -400 64 -432 64 0
w -128 112 -128 192 0
w -128 192 -96 192 0
w 0 112 0 192 0
w 0 192 32 192 0
w -272 192 -272 16 0
w -272 16 -224 16 0
w -384 192 -384 16 0
w -384 16 -336 16 0
w 192 64 160 64 0
160 240 16 240 112 0 20 10000000000
r 256 112 256 240 0 25000
w 256 240 224 240 0
w 224 240 160 240 0
w -656 528 -416 528 0
w -416 528 -400 64 0
w -656 496 -304 496 0
w -304 496 -288 64 0
w -656 464 -192 464 0
w -192 464 -176 64 0
w -656 432 -64 432 0
w -64 432 -64 64 0
w -656 400 48 400 0
w 48 400 64 64 0
w -656 368 192 368 0
w 192 368 192 64 0
w -656 336 304 336 0
w 304 336 304 64 0
w 304 64 256 64 0
w 224 112 224 240 0
w 128 208 208 208 0
w 208 208 208 16 0
w 208 16 240 16 0
w 160 192 208 208 0
r -336 272 -128 272 0 41000
s -128 272 -80 272 0 1 false
w -80 272 256 272 0
w 256 272 256 240 0
w -336 272 -576 272 0
w -576 272 -576 224 0
r -320 240 -144 240 0 70000
w -320 240 -576 224 0
s -144 240 -80 240 0 0 false
w -80 240 160 240 0
o 35 64 2 12288 0.0001 0.0001 0 1 119749.91647298985
