$ 1 0.000005 5.459815003314424 13 5 50
160 16 16 16 112 0 20 10000000000
160 -112 16 -112 112 0 20 10000000000
160 -224 16 -224 112 0 20 10000000000
160 144 16 144 112 0 20 10000000000
164 -752 336 -704 336 0 8 0 5 5 5 0 0 5 0 false 0
R -816 336 -816 400 1 2 8000 2.5 2.5 0 0.5
160 -448 16 -448 112 0 20 10000000000
160 -336 16 -336 112 0 20 10000000000
w -816 336 -752 336 0
w -576 -48 -448 -48 0
w -448 -48 -448 16 0
r -432 112 -432 192 0 194
w -464 112 -464 192 0
w -464 192 -432 192 0
w -432 192 -384 192 0
r -320 112 -320 192 0 388
w -352 112 -352 192 0
w -352 192 -320 192 0
w -320 192 -272 192 0
r -208 112 -208 192 0 777
r -96 112 -96 192 0 1560
r 32 112 32 192 0 3120
r 160 112 160 192 0 6260
w -240 112 -240 192 0
w -240 192 -208 192 0
w -208 192 -160 192 0
w -160 192 -160 16 0
w -160 16 -112 16 0
w -96 192 -48 192 0
w -48 192 -48 16 0
w -48 16 16 16 0
w 32 192 80 192 0
w 80 192 80 16 0
w 80 16 144 16 0
w 128 112 128 208 0
216 -576 -48 -576 224 0 0.01
w -128 112 -128 192 0
w -128 192 -96 192 0
w 0 112 0 192 0
w 0 192 32 192 0
w -272 192 -272 16 0
w -272 16 -224 16 0
w -384 192 -384 16 0
w -384 16 -336 16 0
160 240 16 240 112 0 20 10000000000
w -656 528 -416 528 0
w -656 496 -304 496 0
w -656 464 -192 464 0
w -656 432 -64 432 0
w -656 400 48 400 0
w -656 368 192 368 0
w 128 208 208 208 0
w 208 208 208 16 0
w 208 16 240 16 0
w 160 192 208 208 0
w 256 272 256 240 0
160 352 32 352 128 0 20 10000000000
w 256 240 336 240 0
w 336 240 336 128 0
w 336 240 368 240 0
r 368 240 368 128 0 24900
w 224 112 224 192 0
r 256 112 256 192 0 12460
w 224 192 256 192 0
w 256 192 320 192 0
w 320 192 320 32 0
w 320 32 352 32 0
w -656 560 -416 560 0
w -416 560 -416 64 0
w -416 64 -432 64 0
w -416 528 -304 528 0
w -304 528 -304 64 0
w -304 64 -320 64 0
w -304 496 -192 496 0
w -192 496 -192 64 0
w -192 64 -208 64 0
w -192 464 -64 464 0
w -64 464 -64 64 0
w -64 64 -96 64 0
w -64 432 48 432 0
w 48 432 48 64 0
w 48 64 32 64 0
w 48 400 192 400 0
w 192 400 192 64 0
w 192 64 160 64 0
w 192 368 288 368 0
w 288 368 288 64 0
w 288 64 256 64 0
w -656 336 416 336 0
w 416 336 416 80 0
w 416 80 368 80 0
160 -832 96 -832 192 0 20 10000000000
160 -752 96 -752 192 0 20 10000000000
w -848 192 -848 224 0
w -768 192 -768 224 0
w -832 96 -832 64 0
w -752 96 -752 64 0
w -816 224 -800 224 0
w -800 64 -752 64 0
w 256 272 -800 288 0
w -800 288 -896 288 0
w -896 288 -896 64 0
w -896 64 -832 64 0
r -848 224 -848 272 0 10000
w -848 272 -800 272 0
w -800 272 -800 224 0
w -736 224 -736 256 0
w -736 144 -736 -32 0
w -816 144 -816 -32 0
w -736 -32 -736 -80 0
s -736 -80 -800 -80 0 1 false
s -816 -32 -864 -32 0 1 false
v -896 16 -896 -64 0 0 40 5 0 0 0.5
w -896 -64 -800 -80 0
w -896 -64 -864 -32 0
g -896 16 -896 32 0
r -736 192 -736 224 0 30000
w -736 256 -576 224 0
r -768 224 -736 256 0 20000
r -816 192 -816 224 0 40000
w -800 224 -800 64 0
o 35 64 2 12288 0.0001 0.0001 0 1 79858.86694045705
